100
1.989e30 0.0 0.0 0.0 0.0 0.0 0.0
1.271413e+24 4.100479e+11 1.356716e+11 6.252417e+09 -5.626875e+03 1.533852e+04 -8.451097e+02
3.207520e+24 -1.311959e+11 -4.939649e+10 3.136442e+08 1.168253e+04 -2.793403e+04 1.481234e+02
1.047839e+24 1.091647e+11 -9.170976e+10 5.708481e+09 1.858974e+04 2.562541e+04 5.629569e+02
1.620005e+22 -1.153709e+11 -2.182098e+11 -8.621221e+09 1.850423e+04 -1.040237e+04 3.011663e+02
8.479352e+23 1.313553e+11 8.881686e+10 2.516788e+09 -1.486166e+04 2.564736e+04 -1.478974e+02
1.147709e+23 -1.193459e+11 -5.971866e+10 -8.288288e+09 1.404133e+04 -2.627941e+04 -6.680833e+02
5.380545e+22 -3.362702e+11 2.136028e+11 7.415608e+09 -1.063948e+04 -1.424224e+04 -6.445153e+01
2.355550e+25 -3.744578e+11 3.079988e+11 7.861813e+09 -1.045887e+04 -1.342727e+04 -5.009493e+02
1.859391e+23 -3.233346e+11 -3.407022e+11 -3.994364e+09 1.105863e+04 -1.083570e+04 1.608489e+02
1.531776e+24 2.608753e+11 -2.362075e+11 -1.349102e+09 1.351812e+04 1.368560e+04 2.220965e+02
2.152167e+23 2.783535e+11 6.628239e+10 -2.732207e+09 -4.892730e+03 2.095841e+04 -7.194640e+02
8.729003e+22 -1.874750e+11 -5.197882e+10 -6.008636e+09 6.862638e+03 -2.328317e+04 -6.893849e+02
4.643130e+23 -9.905797e+10 -2.111147e+11 -5.117664e+08 2.010020e+04 -1.016995e+04 3.733812e+02
4.652637e+24 2.252595e+11 2.990739e+11 -4.395464e+09 -1.357934e+04 1.076221e+04 6.009762e+02
1.291127e+25 -2.389180e+10 1.188699e+11 2.562376e+09 -3.299848e+04 -6.387918e+03 -1.831050e+02
2.494099e+23 -4.325234e+11 1.982152e+11 9.118075e+09 -7.156293e+03 -1.390890e+04 3.969137e+02
4.032758e+24 1.834809e+11 -2.699898e+11 -6.844689e+09 1.754147e+04 1.240245e+04 -3.676611e+02
3.616677e+25 3.448765e+11 -2.512727e+11 7.160832e+09 1.013564e+04 1.546982e+04 3.800730e+02
3.056311e+22 -2.169132e+11 2.014017e+10 8.444122e+09 -2.445903e+03 -2.263231e+04 7.608584e+02
2.851242e+25 -2.201412e+11 -2.174162e+11 -4.980265e+09 1.569198e+04 -1.540932e+04 -4.201682e+02
4.819360e+22 -2.246348e+11 4.095894e+11 -5.889785e+09 -1.369955e+04 -8.307662e+03 -6.396433e+02
6.988887e+24 3.403558e+11 3.409764e+11 9.691739e+09 -1.248177e+04 1.114743e+04 -3.772186e+01
9.028112e+22 3.127183e+11 3.814617e+11 -1.081225e+09 -1.247372e+04 9.620686e+03 -2.078521e+02
3.821419e+22 4.587895e+10 1.561396e+11 -5.653102e+09 -3.012626e+04 7.772595e+03 3.531532e+02
9.864537e+24 3.609346e+11 3.126736e+11 3.140139e+08 -9.932908e+03 1.379264e+04 3.269575e+02
2.143938e+25 1.080729e+11 1.466316e+10 7.961027e+09 -4.597093e+03 3.241564e+04 5.243328e+02
2.140716e+24 -1.915596e+10 2.589316e+11 6.649204e+09 -2.342499e+04 -1.667760e+03 -9.851034e+02
1.189611e+23 2.811105e+11 -3.352324e+11 9.021961e+08 1.376265e+04 1.063308e+04 5.216488e+02
2.068149e+25 9.549517e+10 -1.708469e+11 -7.285528e+09 2.331905e+04 1.321085e+04 3.729021e+01
2.874216e+22 -1.570404e+11 5.003547e+10 -2.600378e+09 -8.059360e+03 -2.847162e+04 4.117633e+01
1.145273e+25 -3.743689e+11 1.264155e+10 -3.112304e+09 -6.956760e+02 -1.706307e+04 5.815369e+02
4.508292e+22 -3.235754e+11 -1.609280e+11 9.207046e+09 8.579593e+03 -1.626844e+04 -3.165885e+01
3.944174e+24 -3.503764e+11 -1.715679e+11 2.866240e+09 8.168948e+03 -1.764897e+04 2.884001e+02
2.789732e+25 -1.172231e+11 2.505497e+10 -3.801501e+09 -6.984624e+03 -3.376195e+04 4.139654e+01
5.530959e+23 -8.243887e+10 7.776234e+10 -1.434953e+09 -2.221706e+04 -2.702555e+04 -2.549698e+02
6.573032e+25 3.230545e+11 -9.304571e+10 5.493053e+09 5.935336e+03 2.005922e+04 -7.182090e+02
3.576982e+24 -2.317668e+10 2.701051e+11 7.653846e+09 -2.226085e+04 -1.929688e+03 1.673791e+02
3.817370e+25 -1.418623e+11 -3.824985e+10 -3.512958e+09 7.539650e+03 -3.190174e+04 -3.785098e+02
8.881381e+22 -1.786777e+11 -3.708210e+10 6.235707e+09 5.054579e+03 -2.823619e+04 -8.027553e+02
1.247787e+22 1.665867e+11 -3.109771e+11 6.799257e+08 1.749429e+04 8.689554e+03 -8.081247e+02
6.278679e+22 8.799527e+09 -1.712845e+11 -8.271813e+08 2.611339e+04 1.515349e+03 9.499197e+02
8.653261e+25 -2.618813e+11 -1.827837e+11 4.590397e+09 1.094014e+04 -1.805886e+04 4.741342e+02
1.147933e+23 2.020246e+11 -4.237010e+11 -7.167892e+09 1.384735e+04 6.983439e+03 -6.666582e+02
2.054766e+22 1.848865e+11 -3.204864e+11 6.113702e+09 1.763229e+04 1.039807e+04 -2.717645e+01
7.721047e+25 2.940481e+11 -2.832938e+11 8.547158e+09 1.183145e+04 1.390517e+04 -8.481558e+02
1.080383e+24 -2.886332e+11 1.248104e+11 3.367178e+09 -8.926260e+03 -1.931611e+04 -6.229641e+02
3.277530e+25 -9.732868e+10 2.530090e+11 4.513301e+09 -2.009276e+04 -8.647840e+03 6.814653e+02
1.584730e+24 4.045360e+11 -2.475038e+11 9.927704e+09 8.828809e+03 1.347830e+04 -1.741059e+02
5.828875e+23 -1.542838e+10 -2.061382e+11 1.142379e+09 2.711928e+04 -1.911789e+03 -5.590832e+02
1.066784e+22 -2.622334e+11 3.105189e+11 -8.545344e+09 -1.464844e+04 -1.139929e+04 -2.641023e+02
3.781558e+24 -3.081107e+11 3.536271e+11 -9.250537e+09 -1.158544e+04 -1.133504e+04 9.379389e+02
6.036857e+22 -4.866113e+11 -7.988672e+10 -3.663865e+09 2.898451e+03 -1.775472e+04 -9.977265e+02
4.111855e+24 4.385472e+11 -3.635050e+10 -5.422192e+09 1.319904e+03 1.674369e+04 8.830544e+02
5.178578e+24 -8.420780e+10 1.184004e+11 5.640716e+09 -2.344836e+04 -1.851588e+04 5.258005e+02
1.706947e+24 3.808477e+11 -9.778822e+10 -9.461584e+08 4.519037e+03 1.808737e+04 5.789917e+02
8.010862e+25 -1.078607e+11 -2.673849e+11 8.797912e+09 1.829052e+04 -7.569631e+03 5.516972e+02
1.417390e+22 1.355226e+10 4.695275e+11 -6.887514e+09 -1.775566e+04 4.459522e+02 6.603175e+02
5.034054e+22 1.257143e+11 -1.113162e+11 6.208586e+09 1.678616e+04 1.942664e+04 -5.407698e+02
8.135755e+25 -4.286510e+11 1.618264e+11 -2.620496e+09 -6.071779e+03 -1.507926e+04 1.919081e+02
3.546255e+25 1.959799e+11 -1.378868e+11 1.470845e+09 1.230862e+04 1.762660e+04 2.300973e+02
7.163649e+25 -2.052759e+11 -1.452435e+11 -1.317462e+08 1.253607e+04 -2.058326e+04 -4.512284e+01
2.495719e+25 -1.337292e+11 1.878767e+11 -5.443309e+09 -2.068595e+04 -1.410547e+04 -7.363711e+02
2.348508e+24 -1.194197e+11 5.679479e+10 -2.333706e+09 -1.352537e+04 -2.941449e+04 -7.057389e+02
7.824419e+22 -2.254659e+11 1.021090e+10 -1.765851e+09 -1.094089e+03 -2.363397e+04 -5.363360e+02
4.120239e+24 -3.142306e+11 -2.856708e+11 -3.261579e+09 1.153168e+04 -1.180676e+04 -5.206591e+02
1.092729e+25 -4.614182e+11 8.464694e+09 -5.951935e+09 -2.804968e+02 -1.616331e+04 -8.281742e+02
4.205481e+24 7.704296e+09 -1.466669e+11 9.162535e+09 3.275332e+04 1.558651e+03 -1.953725e+02
1.216596e+22 3.268369e+11 1.216826e+11 8.349040e+09 -7.347316e+03 1.892890e+04 5.563740e+02
1.342518e+24 -3.205887e+11 1.405005e+11 -6.112937e+09 -7.751903e+03 -1.836384e+04 4.314495e+02
4.674266e+24 -2.754697e+11 2.568080e+11 2.060796e+09 -1.268805e+04 -1.295905e+04 3.652133e+02
2.064202e+24 2.820736e+10 2.374464e+11 9.852130e+09 -2.487804e+04 2.524775e+03 3.075969e+02
4.104343e+24 -1.896507e+11 1.796170e+11 7.421678e+09 -1.620553e+04 -1.634440e+04 6.658881e+02
3.475419e+25 7.842083e+10 3.196126e+11 -8.138892e+09 -1.801355e+04 4.440863e+03 -8.046233e+02
5.748778e+22 2.962768e+11 2.823852e+11 5.949949e+09 -1.281410e+04 1.209914e+04 4.105881e+02
1.004428e+22 -3.734689e+10 -1.675334e+11 3.824552e+09 2.511306e+04 -5.855299e+03 1.302366e+02
4.182719e+25 -2.469627e+11 -2.354953e+11 -3.313562e+07 1.285922e+04 -1.330475e+04 4.842045e+02
1.355502e+22 -2.310204e+11 -2.047118e+11 -3.807055e+08 1.474107e+04 -1.690660e+04 3.116663e+02
1.000807e+25 1.021712e+11 2.625345e+11 -9.581835e+09 -2.002435e+04 7.550833e+03 -6.072731e+02
1.387281e+24 -2.317396e+11 2.480266e+11 -2.689305e+09 -1.443535e+04 -1.399568e+04 -8.607549e+02
2.478705e+23 -4.005365e+11 -2.555041e+11 4.933109e+09 8.306136e+03 -1.441878e+04 7.731852e+02
4.127432e+23 2.043430e+11 -3.897561e+11 -6.212563e+09 1.614570e+04 8.229349e+03 2.522287e+02
4.634682e+22 -1.435493e+11 3.368247e+11 -8.863627e+08 -1.840533e+04 -8.089560e+03 4.349074e+02
6.602050e+24 -2.841552e+11 1.270144e+11 -7.955500e+09 -9.044482e+03 -1.949633e+04 9.863828e+02
1.461400e+23 1.832982e+11 2.144083e+11 -1.531733e+09 -1.736923e+04 1.350728e+04 -8.931763e+02
1.030588e+22 -7.690227e+10 1.208410e+11 -1.200135e+09 -2.672994e+04 -1.672993e+04 -8.262661e+02
1.495186e+25 -4.469448e+11 2.867694e+10 5.695358e+09 -1.022378e+03 -1.707211e+04 7.615312e+02
3.145978e+22 -2.088118e+11 3.722899e+11 8.171490e+09 -1.563676e+04 -9.022496e+03 -3.338234e+02
2.217667e+23 1.278378e+10 -1.505546e+11 -9.276803e+09 3.032991e+04 2.381154e+03 -8.418122e+02
1.304716e+24 9.801785e+10 -8.348548e+10 -2.142016e+09 1.881018e+04 2.501990e+04 5.551540e+02
1.385510e+22 -9.372005e+10 -3.481851e+11 -7.731981e+09 1.760047e+04 -5.296219e+03 -4.715017e+01
3.045016e+23 2.157916e+11 -1.021299e+11 5.192450e+09 1.058414e+04 2.044253e+04 -1.546067e+02
2.045478e+22 -3.638894e+11 2.873401e+11 5.973697e+09 -9.459664e+03 -1.341387e+04 -7.267693e+02
4.685292e+24 2.551786e+11 2.374061e+11 1.698281e+09 -1.307127e+04 1.564573e+04 -1.773396e+02
2.326330e+22 -1.142603e+11 4.057417e+11 -7.145761e+09 -1.619913e+04 -4.485484e+03 1.362401e+02
7.874248e+23 1.191962e+11 -6.723792e+10 6.134563e+09 1.468153e+04 2.906485e+04 -2.573575e+02
1.561252e+23 3.169173e+11 -8.017031e+10 -2.779212e+09 4.809156e+03 2.101779e+04 -3.949294e+01
2.122830e+22 4.257231e+11 -5.176876e+09 -8.058344e+09 2.218976e+02 1.856860e+04 4.492779e+00
2.872379e+25 -3.200584e+11 -7.873706e+10 -9.534886e+09 4.636756e+03 -1.810860e+04 8.488533e+02
1.745036e+25 8.113833e+10 4.769597e+11 4.473021e+07 -1.666719e+04 2.540702e+03 -8.907975e+02
